-1x-1_jpg.rf.69d9b61e3cdb8a9047dad25099fcc8ef 33 2 175 70 564 3 711 126 775 6 906 142 1083 149 1239 347 992 205 1173 435 1758 314 1944 542 1547 140 1711 341 1443 479 1656 727 1259 53 1435 277 7 599 507 1187 429 92 616 314 597 73 788 339 867 404 1076 686 
-I1-MS09uaqsLdGTFkgnS0Rcg1mmPyAj95ySg_eckoM_jpeg.rf.b60002517c9371bba207314a49452cf1 346 126 642 419 1567 698 1668 800 904 44 1195 348 
0002526673_jpg.rf.a13de6faa0e2e5250d913ccf27b4c769 171 228 214 273 393 175 514 317 
0009S6815V3PEU1N-C123-F4_jpg.rf.128ad940f96aa8fa5174093ddb7ae5ee 2 142 122 384 134 67 306 286 597 44 777 272 307 201 501 414 
000b7b75-1600_jpg.rf.35b739ea6899972b07aab7225d341307 280 65 442 243 1014 126 1145 284 1198 219 1392 456 767 167 928 383 2 204 120 391 488 102 599 214 580 183 745 364 190 187 410 444 
000_1OC3DT_jpg.rf.3d1fb8e38f21ec81247c6c3850038888 849 222 1020 431 761 294 904 476 824 89 981 241 677 50 810 204 557 288 714 466 483 234 615 398 433 63 544 204 360 75 459 183 295 286 439 448 280 64 373 176 147 46 265 185 6 40 133 188 88 247 227 396 
000_1ov3n5_0_jpeg.rf.edad89426b118f4c76ba4ae3790b3f31 467 59 693 277 
001_1024_jpeg.rf.82de51e9c6db87b2941a34e6c65de14a 861 337 918 408 786 239 870 331 710 291 785 375 606 231 722 338 205 1 376 199 473 120 601 268 
002_1024_jpeg.rf.21167ff8a675d17c91a8c57a5269dad7 313 178 474 360 129 194 265 353 4 172 52 323 
003_1024_jpeg.rf.3d3235de8495eb432dc3c54d17287980 879 121 1021 351 706 96 898 361 5 15 187 335 
004_1024_jpeg.rf.8387cade019b2c139de783457af677ae 327 49 575 332 
0109-00176-096b1_jpg.rf.69ffdcd78617808a849bb59feea2afca 211 51 434 304 
012106_jpg_1140x855_jpg.rf.b2002b96c6972613f93d98f69f0efdee 613 46 980 520 
012420_coronoa_masks_web_jpg.rf.aa87c46891116535f04447105006c814 132 250 311 455 1532 7 1638 73 1692 418 1885 674 1638 48 1804 283 1363 12 1526 189 1142 253 1326 475 1182 6 1341 185 862 11 1034 179 420 8 577 173 865 187 1028 394 907 578 1091 813 998 685 1215 928 628 846 838 1061 7 752 191 1014 246 578 389 780 153 652 333 878 49 106 221 293 450 273 650 487 
0200b38c89b16c37c5de8e247bb00c2f_jpg.rf.4868c78878c91c2c7cc7062e90de7658 481 58 556 148 200 125 252 184 294 43 349 110 
0209-00176-076b1_jpg.rf.c95d18e12451276a0312e27c9389ef4c 61 1 108 55 116 35 206 147 447 10 561 158 227 38 328 153 
022814asiatodaymasks_960x540_jpg.rf.a334c489daa4a1db00e580a7a516ce66 302 13 415 137 849 2 958 275 523 27 926 425 306 93 474 301 41 55 196 239 15 218 209 479 
025418_springwest005_jpg.rf.9342b3603f02ddb7d28ea4c91f711677 971 410 1016 468 796 434 845 488 726 410 777 472 624 419 671 477 187 464 228 509 363 417 404 470 510 415 568 474 
0450908675_50159485_mutation-virus-chine-inquietude_jpg.rf.9c1d5309c1b4ecea3fda137b207462df 1286 57 1473 269 885 2 1062 185 1006 361 1171 530 417 2 580 167 
0602623232127-web-tete_jpg.rf.52602cb4d68c74a35808c767926ab622 205 148 307 291 503 164 703 390 592 3 658 82 387 3 461 80 760 76 848 185 445 51 551 179 106 41 230 175 104 482 227 617 334 227 483 433 645 15 735 125 809 95 916 227 1006 44 1193 256 819 321 1018 586 
08165739_jpg.rf.81a9ba05554adbce15ed6cd7dfac96cf 995 185 1080 281 831 178 907 268 581 90 713 256 625 24 752 166 488 1 611 131 319 290 453 450 
08_11_2019-airpollution_234_19737819_192539446_jpg.rf.fa2a2fbe265356ca47e94944207ecbb5 236 259 475 533 265 5 477 211 
0ad90195-cd77-489e-bf85-08c83b80d3e0_jpg.rf.006de569e2242cb425b5f931c5e0f8be 3 2 94 214 141 49 307 224 293 32 441 211 
0_10725_jpg.rf.cde494b05911f991c3cc31c8670044b9 449 201 548 312 143 113 226 209 365 102 453 199 84 197 184 316 
0_8w7mkX-PHcfMM5s6_jpeg.rf.039eb72a4757882968537a6ae94d198f 1388 243 1444 310 186 739 257 824 293 827 360 911 3 611 65 697 211 604 306 690 111 593 180 671 149 199 212 261 147 237 202 302 308 478 372 555 231 464 300 542 463 292 519 352 418 348 475 417 250 357 314 431 400 306 455 373 499 360 558 429 573 333 635 400 661 286 716 364 486 506 555 585 648 454 721 540 704 360 771 437 617 243 676 312 502 172 551 226 568 136 620 195 608 93 656 151 697 2 745 52 682 48 729 102 757 60 807 119 783 126 833 183 767 245 825 310 837 112 890 172 814 45 863 100 888 3 931 46 926 66 971 115 994 81 1039 119 971 159 1027 216 804 450 882 543 1080 433 1143 512 1094 364 1153 441 984 283 1044 355 879 400 958 482 933 454 1002 538 1035 466 1110 557 1299 481 1368 562 1169 475 1250 577 1235 361 1296 440 1262 190 1315 255 1323 153 1371 214 1063 3 1111 64 1055 109 1106 169 1117 50 1168 109 1244 85 1298 146 1220 223 1275 287 1235 2 1284 37 1314 67 1359 117 1363 80 1416 138 1388 94 1438 151 1511 1 1558 38 1433 115 1485 172 1711 26 1757 82 1611 64 1661 126 1566 107 1616 152 1449 168 1497 217 1660 100 1704 147 1893 8 1939 63 1828 38 1881 93 1760 61 1817 124 1712 195 1767 256 1622 193 1676 256 1517 285 1578 358 1678 269 1735 334 1822 210 1877 281 1931 98 1991 172 1871 211 1933 278 1787 346 1832 397 1715 400 1784 473 1667 350 1727 419 1587 378 1662 456 1958 626 1999 718 1807 398 1878 478 1787 546 1859 636 1746 592 1830 687 1434 506 1513 589 1347 525 1424 622 1397 575 1476 675 681 574 774 672 814 540 895 631 942 564 1035 668 865 689 950 789 1729 470 1798 550 1145 650 1242 759 863 686 863 686 894 746 995 854 94 890 219 1005 1744 1254 1866 1383 1399 680 1490 779 1339 695 1437 805 1839 678 1923 781 1825 766 1940 896 1835 1013 1927 1135 1751 1024 1863 1163 1437 1171 1561 1318 1243 1065 1353 1195 1150 966 1255 1089 1034 1129 1150 1253 876 1038 950 1135 756 1211 883 1344 441 1237 553 1358 704 806 799 898 529 724 613 818 476 776 575 882 722 910 799 1006 769 909 855 1021 599 1003 709 1121 
0_Concern-In-China-As-Mystery-Virus-Spreads_jpg.rf.5633f5fe7a9b926101b7fc16615dfb6a 350 336 417 419 307 82 461 287 559 17 708 196 
1-200102094256105_png.rf.d2ed0c139e4e35ee8889a3a8379348fb 226 50 554 457 
1000x-1_jpg.rf.8ec74a748fd78ac625bf40b9cc3f276d 922 210 999 374 496 87 612 264 808 138 948 349 686 372 858 607 147 133 257 317 607 103 723 273 229 320 371 518 418 142 540 328 24 131 174 333 
101d6660a8974050b613dd2e6bd59390_jpg.rf.52e1b68968d7307fab23c6bf5fc3cbbe 758 177 865 318 471 98 574 242 392 212 500 349 133 183 258 323 
1024x576_939430607723_jpg.rf.37f5013ec76b10fb64a6d8623a22ab92 800 99 910 232 597 158 678 254 482 56 570 169 366 80 454 184 119 122 205 228 6 94 79 195 
1024x737_09186876046_jpg.rf.4197293e6ba3db18b6fbb185616dab6c 245 5 350 130 457 89 612 251 127 62 308 255 610 157 735 349 889 79 1024 372 703 167 922 416 215 191 366 427 350 205 543 451 26 207 243 462 
1029731146_jpg.rf.79ab2cda85860fd020cfdc660f6368ec 29 76 150 222 776 53 950 284 378 20 615 347 137 124 298 355 
1030611863_jpg.rf.7edae200febe5a5160fede9478f3e591 232 213 248 236 934 227 963 263 568 216 596 248 621 197 688 288 456 172 533 277 346 144 419 235 40 211 72 252 280 205 312 245 
1042977068_jpg.rf.ee48a69fd6f710987596e8fdd2eea713 737 129 795 205 515 99 593 204 311 9 398 119 
10fea_8011463765e2aa28b386cf_jpg.rf.7981dc5de795ab4252631683e0de84ae 692 2 832 177 82 20 419 457 
1125506397_15801322206131n_jpg.rf.0a60284a71b2d0ed77c002e768b39b00 45 107 90 176 139 135 186 193 490 98 555 168 689 79 761 165 291 56 429 203 
1125506397_15801322206581n_jpg.rf.3c089d43976a3dd3b0dfab58bdcac999 672 107 830 295 414 85 533 234 206 75 372 251 
1125506397_15801322207071n_jpg.rf.28329b8b808690e5537d9bde5b8a0d91 775 9 845 93 633 20 711 122 444 134 515 227 380 50 449 139 333 91 379 149 212 57 295 160 138 34 203 112 
1125506397_15801322207531n_jpg.rf.e14312be41c570c14c752fd250256aa3 693 142 755 220 436 149 495 230 228 101 289 181 
1133x768_20200130000023_jpg.rf.e8a099312aa174af48c5914c4986f91a 866 71 1022 268 469 33 669 268 236 77 372 276 81 99 252 315 
1140-travelers-at-hong-kong-airport_jpg.rf.4dac1dff15755783b3941a24fcdd12ae 50 122 111 195 940 5 1030 104 279 27 368 128 509 226 578 314 
1152x768_246964803156_jpg.rf.93e4584edd0a741914cf795c2087200d 454 102 542 203 67 128 107 195 34 76 84 135 648 65 708 146 145 112 219 197 786 23 875 142 568 70 633 152 232 70 287 130 328 77 389 163 
1155x768_20200129000089_jpg.rf.73137126ad09e8cf09315eb31ea51592 885 122 1023 445 702 187 821 327 402 182 541 365 68 183 140 266 
11893820-3x2-xlarge_jpg.rf.1529b09bfee7d069f677ff513f6249eb 386 1 475 95 501 258 611 424 95 5 164 76 753 102 844 211 604 84 688 182 816 4 861 79 698 20 769 110 592 8 675 86 452 81 536 176 495 6 581 99 38 4 110 105 164 7 237 102 243 255 380 430 136 171 234 315 4 174 112 322 591 349 700 494 654 185 753 331 368 93 469 240 530 144 640 289 106 347 263 566 
1196686205_jpg_14_jpg.rf.95f742744c99ce310aea3fee820b6811 721 335 804 428 393 273 481 371 523 194 620 290 
1197315184_jpg_0_jpg.rf.448838b1a29be91ef9c08cc895837686 189 310 251 384 557 280 620 361 955 383 1066 512 995 281 1068 364 888 304 958 394 698 258 779 335 696 352 790 463 475 378 595 503 277 327 357 410 89 271 196 387 
1197620896_jpg.rf.b987b8c72404cdfd4c5d123e713326eb 183 373 261 443 638 68 761 222 502 6 645 179 362 75 476 216 196 76 283 180 
1224331650_g_400-w_g_jpg.rf.483a35a2395bf48e96783587a59fe876 213 4 395 166 238 205 370 354 32 3 148 114 46 222 150 328 
1249493_jpg.rf.0bab72e6f8295a2ba03052383e7c3b7b 602 85 649 151 725 75 782 161 664 68 734 184 393 62 467 148 66 1 167 132 
125895-untitled-design-30_jpg.rf.ac571fc87624d715f65c707a55fb6bc8 711 1 741 39 491 8 534 56 355 4 384 31 404 11 436 44 217 7 266 74 188 28 238 100 101 230 212 362 275 187 352 297 349 102 420 191 467 78 530 163 485 149 560 244 566 70 637 156 724 37 771 101 763 4 807 43 668 36 708 87 
126202-untitled-design-13_jpg.rf.baa3d2e55d469ae5d5d4cd81c4603e1d 716 6 856 181 518 102 719 386 357 66 531 293 156 182 321 390 5 80 171 344 
1288126-10255706714jpg_jpg.rf.ed230c79fdbb1fa0650ff4fd32f620ee 285 174 436 370 498 250 626 404 
1288788-une-employee-aide-des-voyageurs-en-provenance-de-chine-le-26-janvier-2020-a-l-aeroport-de-roissy_jpg.rf.d47cf1cb16e3f73965871b18e510cf8b 848 9 957 157 393 126 548 351 561 138 702 334 264 14 406 225 
1303078448-China-Coronavirus-Death-Toll-Hits-304_jpg.rf.867ecfe8a19d95c4f6a3a59f0bcc963e 206 17 339 202 
130624011830-malaysia-smog-students-horizontal-large-gallery_jpg.rf.1d1478ec7b2667aa240401f636d513c4 742 139 774 182 892 111 938 172 849 110 895 172 773 93 829 161 676 84 721 153 622 80 674 151 486 38 554 122 374 16 451 115 347 140 395 200 237 148 293 205 3 102 56 162 90 6 173 102 
135e-huxwryw6451820_jpg.rf.7119d8f128c2493e3340654b03e2b6e3 51 3 506 639 
1422808187-3291816118_jpg.rf.c4f6e44a8611a820f164374b8cc11c17 258 133 533 458 
1477443223-1445746883_jpg.rf.c73a19f37296ace6c3cd12ba54eec28a 491 56 743 370 27 75 244 324 
1482202839575_jpg.rf.96a5e5e802e33ad574636b271b779c99 191 265 239 332 902 235 976 328 1061 209 1143 300 558 167 651 273 763 164 849 258 
1483800496-3386248642_jpg.rf.6a8d7d7f3c7ca1b7129c902610068440 190 77 237 149 141 68 191 132 243 45 304 124 398 338 465 431 
15-08608-001_jpg.rf.b6002e422a9fa0b261b1c038574326d8 96 119 201 259 617 119 708 250 499 9 591 142 230 38 312 180 
15150794626913_jpg.rf.78b49f28af0f2654221ae46fb04eb549 202 126 329 326 318 165 468 419 528 198 683 418 445 200 530 322 663 170 793 367 
15391513321824spp815on8_jpg.rf.cbea58f57f15ea6ee59970ad58b1cbf4 4 281 148 479 487 135 637 573 208 53 447 396 
15391513324714o1n0r10n6_jpg.rf.eb6b6b796ad74b0c9d75011d1020f0af 204 61 415 339 
1539151332674193npsrq70_jpg.rf.e5f5500c15efd9f28d6bb2536dbba4fe 204 66 320 195 
15391513329330sooq10859_jpg.rf.bf9e791012521a572a3a7f2979d0dffe 182 85 425 385 
1553605632_9d5877d8_60_jpg.rf.dac19d9ceded61285f48c70d285f0f49 804 616 860 684 869 580 955 709 756 503 839 590 206 535 361 729 5 485 174 679 62 136 128 210 108 69 175 167 
1579683152-0e3ba5698b090c0fda95caa5d2aa7b31_jpg.rf.3c5a6909252cc8ad7538ddb3b6a8c10d 801 6 1213 495 
1579924271_jpg.rf.1fea0f43731fbea2876f63135256004f 438 153 483 191 722 159 781 243 236 169 276 218 307 127 379 219 411 246 495 355 564 122 619 200 659 142 714 210 840 6 944 150 
1579928067_250120120154270000005e2bca03bf464_jpg.rf.8f9bd39325ed77b8f7d31f4847f1f2bb 850 76 913 147 752 50 811 127 101 72 158 132 186 41 292 163 669 114 697 154 565 105 594 144 
1580048340614_jpg.rf.83b5517bbfbf2e2ac0b103bec1bd4dfd 258 132 341 254 636 28 701 107 644 351 841 560 604 122 704 300 898 155 994 294 879 38 955 137 727 151 823 279 478 106 622 308 360 189 474 346 201 224 331 411 7 243 186 520 
1580053154-5839_jpg.rf.54f3c805dfdfed25f320f6a5bba80000 75 74 256 318 709 4 825 159 898 8 1058 227 639 63 770 295 475 58 631 262 218 109 401 388 576 273 746 528 
1580128422_jpg.rf.4496b0fe4afc307aa32966c8180bab49 185 317 298 447 824 334 931 480 711 271 798 398 560 310 676 443 
1580166133-5b61094cac11561b0cbe09826e32a924_jpg.rf.fd801022283d5bce8079887db2ef980c 27 1038 815 2468 416 190 1072 1012 204 578 875 1411 960 537 1685 1584 2397 7 3011 673 3315 9 3916 758 3036 971 3860 2000 1709 650 2699 2002 
1580173904-0001oc33f_jpg.rf.e46d2ed9d2510b71264546bc047bf9df 370 221 402 258 3 210 34 262 521 232 546 272 17 255 90 332 127 231 157 272 298 205 332 250 357 265 429 352 48 314 144 402 180 213 295 342 743 245 787 299 778 279 851 370 657 270 731 355 435 227 515 346 498 329 615 475 1091 373 1174 555 922 252 1128 536 
1_13_jpg.rf.042a2d0121bd5b62e8dd83506ea5ffc1 784 110 892 239 729 153 778 221 521 18 565 82 429 49 495 122 297 15 360 79 105 51 234 208 
1_R_kFK9pNLfKAuopY_lAaPQ_jpeg.rf.030922effaedbead963acea666441dbd 283 363 337 423 840 252 924 360 722 268 796 373 
PhotoGrid_1580452532909_jpg.rf.d262d228da16f4c2dd6e613288aee5df 1701 223 1813 347 1472 247 1594 369 1313 222 1420 330 1154 226 1254 335 998 190 1091 293 760 193 865 305 567 159 662 272 466 122 551 233 372 201 475 327 198 198 306 324 9 186 111 314 
PHOTriZgIKIgsnNLdBJG75vj200203_1000x2000_jpg.rf.4dfc80ae4acc533c6120e47dd8e7fb1f 685 129 786 245 518 166 610 264 387 110 464 206 198 36 285 142 
phplpE73q_jpg.rf.0ab5de066db2a3791b039388014565fe 717 322 758 378 739 351 786 410 548 386 593 442 622 259 659 308 700 236 738 282 598 165 636 218 741 154 784 201 725 13 755 47 656 32 688 73 639 3 665 30 614 1 643 35 459 33 489 74 327 2 356 30 384 28 414 65 409 54 436 100 434 80 468 123 510 73 543 116 490 106 527 152 455 184 494 232 415 223 460 278 334 265 376 319 240 232 285 287 260 155 297 204 176 133 214 178 232 101 257 139 206 66 245 106 232 22 262 56 104 3 142 43 41 9 77 53 100 59 138 105 37 81 71 125 48 127 90 174 8 166 51 211 65 192 110 233 60 225 102 275 117 280 167 339 79 382 125 445 279 394 328 460 181 422 231 483 100 448 147 512 
phpM5suKS_jpg.rf.6bfbc753f035295f8b61751be4ab9945 227 148 285 294 145 130 240 310 491 157 582 360 638 82 797 320 2 3 187 294 282 75 511 418 
phppaNXxb_jpg.rf.5778b5bbecd03d86b9a529fa381adccf 74 73 121 153 1 97 22 182 222 102 294 178 562 77 637 170 100 49 194 158 319 62 402 167 424 35 497 130 492 88 584 199 666 225 746 325 
pic_list_out_2285_jpg.rf.397939882d421310a89ac13b244c8a6e 583 305 790 556 362 100 563 386 
pjecDNMmCUQmbDoJx1fdqolnfHtpsfFK8jTA2Ng0wNg_jpeg.rf.001be2b5923d35fa3118de329f14f583 1420 296 1641 634 203 254 374 454 516 338 684 526 758 205 971 485 1131 411 1293 602 1546 207 1785 521 
pollution-mask-CE5HYF_jpg.rf.1d7683c780033e0e32a5ad9d0e1aef33 821 266 1054 605 490 118 849 575 
PRI_129079114_1580299603_195_jpg.rf.bdee5eb2f33604b0a266cb99611d37a4 1116 390 1694 1179 295 122 1113 1143 
purchase-reauisition-5de4d0f99c77d_jpg.rf.656f7e39f5600537f91019731c9b25fc 1072 470 1120 529 3 527 169 715 49 410 184 544 318 383 451 587 394 375 596 608 643 414 712 547 981 444 1051 564 1391 424 1482 554 1108 278 1433 589 658 140 1037 610 
r1000019q669394n9qp_jpg.rf.4ea90092a57dfae9753bfdad3193ea2c 227 45 437 283 
r1000019q679o5611r7_jpg.rf.4c8be6ea5c4f336654cb6f5bdb7db393 154 9 408 281 
r1000019q689461s9r0_jpg.rf.a9a68a09d726331332a9a5eb0087e5b9 365 115 554 339 
r1400018548960op29s_jpg.rf.1aa9ecf11eb6e101f0bbdf0c3048702c 145 64 394 315 
r1p00017o80q34s9781_jpg.rf.1ef0de5c875f7e73138d8c9f988eb12e 56 133 149 262 329 44 548 346 
r1p00017o8171pnq407_jpg.rf.d21dd91220d3df7763f7d572f3d95863 213 14 422 296 
r1p00017o82psp0o0or_jpg.rf.f0f90c07761eece753f02beac72d5efe 309 92 526 324 
r1p00017o8357s6sno6_jpg.rf.adeceb3bde01bf771fb86d3494cdc1c6 260 7 462 263 
rawImage_jpg.rf.5b637f36f129574b6e0931ecd3f63f7e 1595 232 2004 779 1123 35 1427 373 835 106 1063 438 403 356 727 774 155 14 476 336
REVZGCBIJNQPMIIXOKDCQA3GJI_jpg.rf.f948274557822ca0e7764d95cd137c13 987 245 1035 317 1022 105 1267 432 836 332 976 502 601 349 753 539 536 274 651 445 40 136 286 415 
RTX1GIDS_jpg.rf.dcc330d53db202ef81677d14e4e30cd9 619 11 671 75 363 5 468 128 166 67 221 139 3 86 48 166 207 51 278 142 688 46 909 332 221 102 462 418 
RTX7CCFN_jpg.rf.501a9e3af09662fc1fbd288a32904267 496 530 700 767 1954 193 2549 909 
RTX7CD4D-e1580252893876_jpg.rf.34b2faf56bf74f6c3edd88422a37355e 1167 72 1299 191 916 94 994 178 597 21 684 121 290 64 375 153 
RZXE24HFK5GSVKVSN57VCVPQ4M_jpg.rf.9fa4f828cb9b4ee616446dff730d55f8 494 141 550 200 517 195 584 264 942 124 1051 242 445 161 492 211 577 153 639 222 736 167 835 278 869 183 945 264 1068 160 1151 275 266 109 339 201 
S1-EV360_FACEMA_M_20200130144349_jpg.rf.c6beae438ca764fe58afb2f3d747aca3 584 41 612 81 656 134 709 199 722 97 763 149 920 79 977 137 841 114 900 191 744 125 803 214 684 217 751 317 608 243 691 366 783 283 885 444 886 262 989 427 634 490 772 762 980 481 1132 724 763 496 1004 796 451 381 657 676 40 215 265 550 
sars-gettyimages-157005245_jpg.rf.e6d5283c235edb22b1eb63fc0f8e47e9 1142 279 1183 339 775 243 941 412 161 27 565 435 120 216 332 505 
sdfsdfsfff_jpg.rf.de8549155f84a7f30cd5f9f88f6c58b3 486 5 856 496 
sdgdsgsg_jpg.rf.2296809055f00546a3bb756a73bb4472 3 158 143 417 608 272 768 541 247 125 505 418 
sdsdsff_jpg.rf.a8a15416549f7048fee1764231a9d0eb 384 65 438 127 305 70 367 130 203 84 254 141 111 70 155 126 9 80 53 132 
sgssgg_jpeg.rf.a62f9109a5f44bf8f88b9fd632b8e4de 131 368 224 520 3 328 165 517 230 453 368 599 291 267 398 378 389 234 475 338 563 320 678 438 641 229 739 328 809 294 895 399 916 350 1011 454 1009 379 1139 546 
shutterstock_1145933543-e1579497052960_jpg.rf.484e9b9fdec9aa67a63d08df3958cba6 515 77 827 455 
shutterstock_1627199179_jpg.rf.350e69105dd1458572a590c3e3ef2538 1587 5 1794 208 316 71 607 431 76 219 463 723 578 175 964 569 1204 148 1703 729 
shutterstock_289132226_jpg.rf.749c60ddb7bf3d9db9313ff21cb80f77 641 106 792 257 423 85 575 240 189 70 331 242 
shutterstock_584407723_jpg.rf.5535c41d1928154d8b5449d970e8a93f 791 127 863 209 528 133 624 268 322 172 405 266 
shutterstock_editorial_10536831j_2e16d0ba_fill-1200x650_jpg.rf.4b10ecf8292b69a042239f8d426feaab 880 199 904 227 1075 210 1180 313 1014 247 1065 304 913 221 954 267 764 213 788 246 781 196 805 224 799 226 825 249 602 228 625 255 668 241 711 297 540 220 572 257 484 221 524 261 286 242 317 268 64 250 86 275 43 252 71 281 158 262 180 287 410 238 442 278 361 238 386 269 95 252 125 282 124 249 157 285 11 266 50 308 33 283 78 335 114 317 185 383 329 254 382 306 378 294 423 352 249 259 319 349 169 270 268 384 322 359 435 481 475 365 536 440 570 264 618 328 505 268 557 321 610 277 677 346 553 324 676 455 736 268 808 354 806 268 1039 545 
skynews-coronavirus-london-fashion-week_4920359_jpg.rf.cc22ab2e0f2d8f3472a7ddcfa6177fb7 361 466 740 894 772 337 1176 754 1397 283 1791 724 
skypost16012020a01s_jpg.rf.f6eebdde4cc1270b8719743d530adae5 787 44 869 138 1003 67 1088 169 1100 145 1173 272 640 312 793 467 683 227 817 356 602 122 694 249 531 91 622 209 249 90 352 216 104 118 208 231 177 157 281 301 169 293 293 421 335 245 463 404 934 280 1100 465 452 232 588 405 
smartmi-3pcs-filter-mask-pm25-haze-dustproof-mask-with-vent_jpg.rf.23ce84d0cd7de25d814655d908bf475d 294 80 421 245 3 26 166 232 
Smog-Mask-PM2-5-Carbon-Filter-Face-Masks-Fog-Dust-Air-Cleaner-anti-pollution-Face-Protector_jpg.rf.6cfed8b6d7c3b9b71b2d6cd8e83da420 48 383 219 628 298 383 495 637 574 384 741 624 571 40 730 269 303 46 467 270 52 46 208 276 
so(19)_jpg.rf.97eeeb08001d4cbdb544ac3a57ff5ef3 1255 336 1536 617 717 215 913 414 231 401 424 561
soo(1)_jpg.rf.5ccb9b3550a3813e3023a3bb32a53904 1191 533 1274 635 1261 456 1360 564 1431 461 1575 597 842 202 980 382 507 192 709 390 246 220 420 423 
soooo_jpg.rf.6e7754eae524b488b9d6cbacaa578592 623 3 796 149 591 124 663 201 201 217 369 378 175 126 264 210 
stock-photo-mother-and-her-daughter-walking-go-to-school-with-wearing-a-protection-mask-against-pm-air-1346870465_jpg.rf.1af78a7aa3ada1688f46a406f51ba584 686 702 847 858 338 338 505 515 
stsciRq_png.rf.66178fabcc0b39f7ec45ba1ff1b5d535 275 1246 588 1586 201 424 638 951 
ST_20170401_EASAND_3046471_jpg.rf.ca0eebad80feebefc05d7c52c0f11d65 650 12 747 124 617 35 683 134 532 25 627 139 463 45 542 160 401 79 489 191 346 62 426 170 143 81 239 190 9 81 94 187 
ST_20190917_SPTHAZE_5120715_jpg.rf.a9db11227a9e6e324c5a57d0ad8716cd 632 5 756 100 459 2 552 101 303 1 393 99 264 111 407 274 518 114 650 269 157 294 484 517 31 28 187 237 
Surgical-Mask-Effectiveness_jpg.rf.f1df6e057fc624a11625a316cc488d98 468 29 843 470 140 52 502 451 
TASS38012699_jpg.rf.92600e25dc48c12c43d41929c45756ac 837 357 897 422 1050 419 1145 522 879 527 1020 677 107 274 195 393 768 489 920 637 712 243 793 332 1290 374 1358 504 560 86 688 240 
TB2R28UvUOWBKNjSZKzXXXfWFXa_!!1116877752_jpg.rf.68b5da162013bf7f4301937f553139a5 443 157 730 492 107 78 397 421 
thai_cov-transmission030220_jpg.rf.91be1af29fa03c14769c8547e6b38978 1122 61 1200 142 717 109 780 245 412 20 563 252 219 3 450 181 530 96 626 269 609 69 724 237 1368 129 1431 228 1172 106 1246 217 1218 86 1350 220 1058 98 1186 239 905 34 1029 179 933 123 1073 295 953 348 1113 534 
the-first-day-of-wuhan-s-closure-some-people-fled-some-panicked_jpg.rf.51ed69bf8d327d93b429a08581f6dea0 420 209 474 263 506 208 535 241 566 244 594 275 543 198 580 238 778 7 1008 216 595 104 725 238 296 80 424 233 11 87 146 242 
thumbnail-ba5c72edb320b49a69e86b05775c49b2-scaled-1_jpeg.rf.895025faf5bf05dfb07e227090cb5d56 624 127 665 179 209 146 244 183 915 3 1018 127 666 58 769 167 499 47 597 157 398 40 481 139 259 96 333 183 130 83 195 155 28 89 99 161 
UDD3JG3E4JFQ5KSFNGQQ5REINU_jpg.rf.29625775de24b7ffdcccaf143b546669 598 89 667 149 780 104 859 200 944 89 1011 174 1012 265 1083 382 1053 226 1197 411 916 176 1011 310 790 200 910 346 654 194 754 313 592 149 661 248 565 129 633 203 526 140 572 211 459 122 535 214 285 141 363 224 194 148 262 220 7 150 100 256 
unnamed_jpg.rf.8bacd81300f96cc2abf8845595a2e160 361 45 397 88 312 18 350 60 207 49 241 90 209 69 254 121 174 80 231 141 326 62 370 112 427 20 462 58 437 48 470 97 385 57 438 114 417 96 494 179 237 32 315 123 13 28 74 106 48 71 141 170 
Untitled-design-13_png.rf.ff8d68dfee2ede269856144ec3380659 271 103 383 220 
upload-productImg-1527496119162_320_234_jpeg.rf.2630f815b6cc48c80dd42bf539300d26 50 36 460 500 
US-expands-coronavirus-screenings-United-suspends-some-flights-to-China_jpg.rf.7684e0ecdea4004bc109f5482badee55 242 57 436 255 456 24 713 273 
us-state-department-warns-against-visiting-china-citing-coronavirus_jpg.rf.51aea5bc06a6e1f9113bbed4a7068697 699 143 761 219 257 114 341 194 110 187 234 295 609 133 698 233 1015 87 1125 205 
virus_jpg.rf.b9f52d79c98588703b7d55cfc9cd7a78 676 158 758 230 542 136 629 230 331 182 403 252 203 131 285 204 30 47 139 161 
virus_protection123_jpg.rf.b863088fea960d1630687e0d59cbce9a 548 3 702 191 322 72 433 208 173 45 276 162 33 119 126 211 
w1240-p16x9-0e48e0098f6e832f27d8b581b33bbc72b9967a63_jpg.rf.b94576bb6f17f4efb5f582ffd9cf9077 676 17 1012 317 187 68 512 343 
w1240-p16x9-2019-10-04t075956z_1862636027_rc15d4d49d00_rtrmadp_3_hongkong-protests_jpg.rf.a9a2c2a1cb13c980b339065d2324ea7d 714 38 841 154 1002 56 1082 145 892 53 965 119 603 29 659 86 517 122 620 233 1 111 61 221 191 49 276 142 163 133 291 313 60 190 259 405 1107 58 1240 214 849 114 1012 291 662 136 860 404 286 109 565 427 
w1240-p16x9-5f8aa310737f8e0e6c43d95a68a82b03b6f60106_jpg.rf.a456219c83b48269ce5adb48d513a350 970 107 1034 174 49 77 142 197 159 121 256 234 329 81 398 154 405 57 489 156 544 109 618 193 730 136 786 217 1127 84 1209 185 1050 71 1135 169 895 77 981 180 817 129 930 269 763 113 865 251 670 95 745 202 466 112 539 201 371 123 475 223 488 260 601 368 605 94 682 190 
w1240-p16x9-6f1db5e0460631cfa98d2d6d8032942f81700bb0_jpg.rf.c35a2f1369d4d99b16a229d0f0d443e4 1028 8 1237 312 786 67 1043 393 427 205 703 501 115 340 343 586
w1240-p16x9-coronavirus_CHINA-HEALTH_jpg.rf.095ad216d07f4d521dbd956834f793ea 239 100 293 162 286 6 357 84 702 22 826 171 979 237 1086 361 
w1240-p16x9-fa978043deff83fed485af12d16e39c61398fc30_jpg.rf.e68ac161036e4bffd3538903b28c721e 313 5 950 659 
W37H3GWNO5EV5HTJQNP4KLIRGI_jpg.rf.71c3c2741aa5f60a7d0a569679b2796c 494 72 737 312 
